Latent Variables:
                        Estimate  Std.Err  z-value  P(>|z|)   Std.lv  Std.all
  depression =~                                                              
    C1PA63                 1.000                               0.847    0.847
    C1PA64                 0.646    0.108    5.974    0.000    0.548    0.548
    C1PA65                 0.194    0.082    2.384    0.017    0.165    0.165
    C1PA66                 0.068    0.085    0.806    0.420    0.058    0.058
    C1PA67                 0.657    0.096    6.810    0.000    0.556    0.556
    C1PA68                 0.896    0.108    8.321    0.000    0.760    0.760
    C1PA69                 0.357    0.088    4.076    0.000    0.303    0.303
  harm_avoidance =~                                                          
    C1SE7V                 1.000                               0.604    0.604
    C1SE7D                 1.186    0.153    7.754    0.000    0.716    0.716
    C1SE8                  1.203    0.158    7.600    0.000    0.726    0.726
    C1SE9                  0.733    0.116    6.322    0.000    0.442    0.442
  self_directedness =~                                                       
    C1SE14O                1.000                               0.817    0.817
    C1SE14P                0.984    0.048   20.365    0.000    0.805    0.805
    C1SE14R                0.866    0.047   18.598    0.000    0.708    0.708
  social_functioning =~                                                      
    C1SE1BB                1.000                               0.563    0.563
    C1SE1D                 0.952    0.072   13.302    0.000    0.536    0.536
    C1SE1HH                1.385    0.097   14.243    0.000    0.779    0.779
    C1SE1J                 1.331    0.092   14.476    0.000    0.749    0.749
    C1SE1I                 0.843    0.079   10.637    0.000    0.474    0.474
    C1SE1P                 1.303    0.085   15.261    0.000    0.733    0.733
    C1SE1V                 1.117    0.091   12.249    0.000    0.629    0.629